id,betweenness,closeness,degree,eigenvector,page,clustering,katz
0,0.0,,0.0,0.0,1.010985417846698e-07,0.0,8.375586374905423e-05
1,0.002565506754693112,,2.2370343316289332e-05,0.026498344602571233,0.00028244253876303033,0.00444444444444445,7.753805399454877e-05
2,0.0014956883089745066,,0.0010084915997078201,0.016747050830155562,0.00016268547402890088,0.014206713600652992,6.2602299831155e-05
3,0.001418635910640117,,0.00158920745069394,0.00931103101960777,8.425434146444408e-05,0.2267573696145124,5.9503865555547784e-05
4,0.0008560266934663288,,0.002111029948867792,0.003276804136018046,2.5596513180152077e-06,0.1111111111111111,5.724096026608743e-05
5,3.040710874814292e-05,,0.00035792549306063137,0.0006411265943594417,1.1313372090579638e-05,0.0,7.154856510046765e-05
6,3.5465897766000663e-06,,0.00035792549306063137,0.0020364222323455434,1.150025376169133e-05,0.0,7.154394139278004e-05
7,0.0005573478787998285,,4.5653761869978656e-05,0.027770308074384138,0.0002161286921586271,0.006049382716049374,7.66588090614781e-05
8,0.022476214555559485,,0.0007674397370343313,0.01641411276593664,0.0005295178411651814,0.011347960508799668,6.425187184249386e-05
9,0.0,,0.00158920745069394,0.005413503450911677,2.7127147157202236e-05,0.007346938775510209,5.9525029647779894e-05
10,0.0,,0.001928871439006581,0.0005152523097371059,2.2690632269225754e-06,0.09000000000000002,5.79949935861025e-05
11,0.0007979826997350658,,0.00158920745069394,0.0043149924845616834,2.1423361989539924e-05,0.005102040816326526,5.952579736088187e-05
12,0.005982753235898041,,0.0039485938641344144,0.0016497770416717635,2.1579305619144004e-05,0.012345679012345678,4.798154608248807e-05
13,5.383261287352696e-06,,0.0044745252008765515,0.002307220773448433,2.06954365044601e-08,0.12755102040816335,4.6628102606210625e-05
14,0.0020428357113217743,,0.0014317019722425192,0.010594324956343163,0.00011864026044230564,0.18367346938775503,6.0237029293331405e-05
15,0.0035792348753119784,,0.001282414170927684,0.010992588602226292,0.00017032311107225418,0.15123456790123457,6.100349558107156e-05
16,0.00017378289905341384,,0.001928871439006581,0.006068166455231506,7.627508904609514e-06,0.36,5.797083695959282e-05
17,0.0006722820279800967,,0.002111029948867792,0.005631298720700738,4.59622284955704e-06,0.4444444444444444,5.722857193223931e-05
18,0.005478772024356153,,0.001282414170927684,0.010272519582102754,0.0001670847515619184,0.15123456790123457,6.100387618267979e-05
19,0.005961817414465113,,0.0039485938641344144,0.005189212606622309,4.4171191678626755e-05,0.15123456790123457,4.795710965550805e-05
20,0.0,,0.005325054784514249,0.0030311794006574436,1.930856623048521e-05,0.1111111111111111,4.459526236202538e-05
21,3.5465897766000663e-06,,0.0050333272461650915,0.0030860679759852692,3.743673636971284e-06,0.25,4.525441394849071e-05
22,0.023661400257456496,,0.002995343316289262,0.0007906826367135319,0.0002571270818273644,0.058506099788151085,5.0738408544204395e-05
23,0.0012900307204485354,,0.0036979547114682236,0.0017465256336384257,6.526758882101068e-05,0.04257999496094737,4.865896902405695e-05
24,0.0,,0.005325054784514249,0.0030311794006574436,1.930856623048521e-05,0.1111111111111111,4.459526236202538e-05
25,1.9092219446492694e-07,,0.00474981738495253,0.010860111480560354,1.1706577083839743e-07,0.16000000000000003,4.59300319587832e-05
26,0.0015296762780331625,,0.0044745252008765515,0.008058575268570787,4.832415278375498e-06,0.18367346938775503,4.659963398609559e-05
27,0.007757257520839035,,0.0039485938641344144,0.009160846958478245,5.5404537216177305e-05,0.12250000000000007,4.795844656403228e-05
28,0.00042913736296863714,,0.00474981738495253,0.006796507509607212,1.6649235275714787e-08,0.2177777777777778,4.592537339305e-05
29,2.1533045149411714e-05,,0.00474981738495253,0.010860111480560354,1.1706577083839743e-07,0.16000000000000003,4.59300319587832e-05
30,5.674543642560408e-05,,0.00474981738495253,0.0033137800382858342,7.568802203038685e-08,0.1111111111111111,4.591405053030853e-05
31,0.0,,0.0050333272461650915,0.00480000310888703,4.295654719356507e-06,0.09000000000000002,4.524841223000694e-05
32,0.002003528649925342,,0.0044745252008765515,0.003935105026975389,7.934822444322687e-06,0.16383219954648526,4.6588212663099196e-05
33,0.00041122504268393655,,0.0044745252008765515,0.0031707453615950946,7.685227515598492e-06,0.32653061224489793,4.658217261999247e-05
34,1.9092219446492694e-07,,3.6979547114681325e-05,0.0025032219928111904,3.5753169480598746e-05,0.0,8.653480429937818e-05
35,0.014796659484942553,,1.1413440467494664e-05,0.04794345638568502,0.0006215746680790516,0.001236565632170023,8.110084020811599e-05
37,0.003142749241646107,,6.574141709276822e-05,0.00573450998052654,8.442590436894793e-05,0.0,8.746362817683459e-05
