id,betweenness,closeness,degree,eigenvector,page,clustering,katz
0,0.0,,0.0,0.0,1.8653300409890652e-06,0.0,9.574151607835913e-05
2,0.006803033465878009,,5.102040816326494e-05,0.04656788565277052,0.0024983677594639254,0.0239512471655329,8.641605947549526e-05
3,0.01248735094231734,,0.0012755102040816315,0.02979843297645891,0.0016362000146683876,0.004339254220206607,7.029070288413573e-05
4,0.0010104923004645829,,0.0002303890306122441,0.03804115678789383,0.0007001317804596988,0.027777777777777766,8.34817330788146e-05
5,2.26039215292299e-05,,0.0005389030612244892,0.0057711498334860395,0.00012501917424561599,0.4444444444444444,8.058996924003926e-05
6,0.0009260019323267732,,0.00042171556122448623,0.006317360620408078,0.0003165361395134234,0.027777777777777783,8.156006690346954e-05
7,0.0005380440377644459,,0.00042171556122448623,0.006317360620408078,0.0003165361395134234,0.027777777777777783,8.156006690346954e-05
8,0.0,,0.00042171556122448623,0.02392039220100925,0.00017378768795797497,0.0,8.155028584863399e-05
9,0.0008267334758437685,,0.006457270408163255,0.005821169611887965,1.8252335951726718e-06,0.25,5.110728042488342e-05
10,0.0,,0.0006704400510204059,0.00017122551000114966,3.4127965890640467e-06,0.0,7.961998243489866e-05
11,8.907426334069344e-08,,0.0005389030612244892,0.0057711498334860395,0.00012501917424561599,0.4444444444444444,8.058996924003926e-05
12,0.0,,0.0008163265306122409,0.002793792025093493,1.4172033509132012e-05,0.0,7.868292979893604e-05
13,0.0,,0.0006704400510204059,0.00013806539811353643,3.0456913060353204e-06,1.0,7.963477945081665e-05
14,0.001418635910640117,,0.0024115114795918305,0.009830325480775382,6.657026997861465e-05,0.16000000000000003,6.586373484749754e-05
15,0.0,,0.0032653061224489745,0.010283006115904282,7.593359947710014e-05,1.0,6.331836630798415e-05
16,0.0,,0.0032653061224489745,0.010283006115904282,7.593359947710014e-05,1.0,6.331836630798415e-05
17,0.0,,2.86989795918372e-05,0.0005585674339101899,0.00024191339414318119,0.0,9.78445029673597e-05
18,0.0,,0.0006704400510204059,0.00046036955436126406,4.698874835186488e-06,1.0,7.963620004156202e-05
19,0.0,,0.0032653061224489745,0.010283006115904282,7.593359947710014e-05,1.0,6.331836630798415e-05
20,0.0009079269828096774,,0.0029663584183673456,0.001159945004497761,8.157343795980555e-06,0.1111111111111111,6.414471440054942e-05
21,0.0,,0.0032653061224489745,0.010283006115904282,7.593359947710014e-05,1.0,6.331836630798415e-05
22,0.0,,0.0006704400510204059,0.00046036955436126406,4.698874835186488e-06,1.0,7.963620004156202e-05
23,0.0,,0.0032653061224489745,0.010283006115904282,7.593359947710014e-05,1.0,6.331836630798415e-05
24,0.0013270857034458794,,0.0024115114795918305,0.011349710018823208,0.00016360561486401793,0.16000000000000003,6.589500913193684e-05
25,0.00012306579499247612,,6.457270408163286e-05,1.5942192552117586e-05,0.0003711188440316136,0.0,9.889546346142198e-05
26,2.9634793635224563e-05,,6.457270408163286e-05,0.0005910416858423173,0.0004101709405521195,0.0,9.888639565086914e-05
27,0.0,,0.0006704400510204059,0.005329194694706758,3.838851604170977e-05,1.0,7.961712439303674e-05
28,0.008906988836919807,,0.00042171556122448623,2.625557725275142e-05,0.00020986061243717302,0.027777777777777755,8.153876324265463e-05
29,0.0015697167728632353,,0.0005389030612244892,1.0658497156355553e-05,6.553049955891168e-05,0.1111111111111111,8.056011768790357e-05
30,0.0018054655638607084,,0.0026817602040816236,0.015388803636470034,0.00010199071382979602,0.4444444444444444,6.502247800598518e-05
31,0.00013451100944111036,,0.0026817602040816236,0.0006345386594586029,1.7649246308579672e-05,0.25,6.501767653156596e-05
32,0.01841629011090355,,0.006033960459183669,0.019611273621371147,1.2626105895161032e-05,0.01777777777777777,5.1898594503481664e-05
